============================================================
1. 整体核心指标（PV/UV/转化率）
------------------------------------------------------------
total_records | uv | pv | fav | cart | buy | cart_rate | buy_rate
485730 | 231912 | 434349 | 14396 | 25824 | 11161 | 0.0595 | 0.0257

============================================================
2. 小时级流量分布
------------------------------------------------------------
h | pv | uv | buy
1 | 41890 | 30837 | 992
2 | 48022 | 35261 | 1258
3 | 47298 | 35302 | 1313
4 | 44499 | 33537 | 1242
5 | 48649 | 35748 | 1292
6 | 50838 | 36934 | 1300
7 | 52296 | 37763 | 1316
8 | 52552 | 37961 | 1281
9 | 48292 | 35356 | 1167
10 | 13 | 14 | 0

============================================================
3. 转化漏斗（独立用户口径）
------------------------------------------------------------
pv_users | intent_users | buy_users
215662 | 34687 | 10587

============================================================
4. 品类热度 TOP10
------------------------------------------------------------
category_id | pv | buy | buy_rate
4756105 | 21923 | 153 | 0.0070
2355072 | 16284 | 69 | 0.0042
4145813 | 15439 | 181 | 0.0117
982926 | 13585 | 127 | 0.0093
3607361 | 13167 | 62 | 0.0047
4801426 | 9233 | 185 | 0.0200
2520377 | 9146 | 43 | 0.0047
1320293 | 8852 | 90 | 0.0102
2465336 | 8333 | 89 | 0.0107
3002561 | 6813 | 115 | 0.0169

============================================================
5. RFM 用户分层
------------------------------------------------------------
customer_layer | user_cnt | pct
一般发展客户 | 8010 | 75.7
一般挽留客户 | 2057 | 19.4
重要价值客户 | 431 | 4.1
重要保持客户 | 68 | 0.6
一般价值客户 | 16 | 0.2
一般保持客户 | 5 | 0.0
